   0.50056E+02   0.18629E+02
   0.54300E+02   0.19367E+02
   0.58905E+02   0.20040E+02
   0.63900E+02   0.20649E+02
   0.69319E+02   0.21200E+02
   0.75198E+02   0.21692E+02
   0.81574E+02   0.22115E+02
   0.88492E+02   0.22448E+02
   0.95996E+02   0.22677E+02
   0.10414E+03   0.22806E+02
   0.11297E+03   0.22856E+02
   0.12255E+03   0.22849E+02
   0.13294E+03   0.22795E+02
   0.14421E+03   0.22693E+02
   0.15644E+03   0.22530E+02
   0.16971E+03   0.22295E+02
   0.18410E+03   0.21991E+02
   0.19971E+03   0.21629E+02
   0.21665E+03   0.21219E+02
   0.23502E+03   0.20758E+02
   0.25495E+03   0.20232E+02
   0.27657E+03   0.19620E+02
   0.30002E+03   0.18911E+02
   0.32546E+03   0.18117E+02
   0.35306E+03   0.17273E+02
   0.38300E+03   0.16424E+02
   0.41548E+03   0.15603E+02
   0.45072E+03   0.14821E+02
   0.48894E+03   0.14062E+02
   0.53040E+03   0.13299E+02
   0.57538E+03   0.12514E+02
   0.62417E+03   0.11717E+02
   0.67710E+03   0.10939E+02
   0.73452E+03   0.10210E+02
   0.79681E+03   0.95399E+01
   0.86438E+03   0.89070E+01
   0.93768E+03   0.82782E+01
   0.10172E+04   0.76335E+01
   0.11035E+04   0.69838E+01
   0.11970E+04   0.63661E+01
   0.12985E+04   0.58175E+01
   0.14087E+04   0.53489E+01
   0.15281E+04   0.49373E+01
   0.16577E+04   0.45428E+01
   0.17983E+04   0.41359E+01
   0.19508E+04   0.37197E+01
   0.21162E+04   0.33257E+01
   0.22956E+04   0.29890E+01
   0.24903E+04   0.27211E+01
   0.27015E+04   0.25013E+01
