   0.50056E+02   0.29494E+02
   0.54300E+02   0.31560E+02
   0.58905E+02   0.33604E+02
   0.63900E+02   0.35600E+02
   0.69319E+02   0.37517E+02
   0.75198E+02   0.39326E+02
   0.81574E+02   0.40993E+02
   0.88492E+02   0.42485E+02
   0.95996E+02   0.43775E+02
   0.10414E+03   0.44851E+02
   0.11297E+03   0.45714E+02
   0.12255E+03   0.46379E+02
   0.13294E+03   0.46869E+02
   0.14421E+03   0.47211E+02
   0.15644E+03   0.47435E+02
   0.16971E+03   0.47568E+02
   0.18410E+03   0.47631E+02
   0.19971E+03   0.47627E+02
   0.21665E+03   0.47540E+02
   0.23502E+03   0.47330E+02
   0.25495E+03   0.46943E+02
   0.27657E+03   0.46314E+02
   0.30002E+03   0.45384E+02
   0.32546E+03   0.44126E+02
   0.35306E+03   0.42567E+02
   0.38300E+03   0.40796E+02
   0.41548E+03   0.38953E+02
   0.45072E+03   0.37173E+02
   0.48894E+03   0.35519E+02
   0.53040E+03   0.33948E+02
   0.57538E+03   0.32352E+02
   0.62417E+03   0.30641E+02
   0.67710E+03   0.28830E+02
   0.73452E+03   0.27030E+02
   0.79681E+03   0.25365E+02
   0.86438E+03   0.23868E+02
   0.93768E+03   0.22461E+02
   0.10172E+04   0.21011E+02
   0.11035E+04   0.19436E+02
   0.11970E+04   0.17776E+02
   0.12985E+04   0.16181E+02
   0.14087E+04   0.14802E+02
   0.15281E+04   0.13686E+02
   0.16577E+04   0.12748E+02
   0.17983E+04   0.11831E+02
   0.19508E+04   0.10811E+02
   0.21162E+04   0.96926E+01
   0.22956E+04   0.86024E+01
   0.24903E+04   0.76935E+01
   0.27015E+04   0.70328E+01
