   0.50056E+02   0.76071E-01
   0.54300E+02   0.82702E-01
   0.58905E+02   0.89476E-01
   0.63900E+02   0.96310E-01
   0.69319E+02   0.10310E+00
   0.75198E+02   0.10975E+00
   0.81574E+02   0.11612E+00
   0.88492E+02   0.12208E+00
   0.95996E+02   0.12751E+00
   0.10414E+03   0.13230E+00
   0.11297E+03   0.13639E+00
   0.12255E+03   0.13974E+00
   0.13294E+03   0.14237E+00
   0.14421E+03   0.14435E+00
   0.15644E+03   0.14579E+00
   0.16971E+03   0.14685E+00
   0.18410E+03   0.14769E+00
   0.19971E+03   0.14844E+00
   0.21665E+03   0.14914E+00
   0.23502E+03   0.14972E+00
   0.25495E+03   0.15004E+00
   0.27657E+03   0.14987E+00
   0.30002E+03   0.14893E+00
   0.32546E+03   0.14689E+00
   0.35306E+03   0.14351E+00
   0.38300E+03   0.13877E+00
   0.41548E+03   0.13298E+00
   0.45072E+03   0.12683E+00
   0.48894E+03   0.12106E+00
   0.53040E+03   0.11605E+00
   0.57538E+03   0.11157E+00
   0.62417E+03   0.10692E+00
   0.67710E+03   0.10151E+00
   0.73452E+03   0.95387E-01
   0.79681E+03   0.89250E-01
   0.86438E+03   0.83820E-01
   0.93768E+03   0.79315E-01
   0.10172E+04   0.75301E-01
   0.11035E+04   0.70962E-01
   0.11970E+04   0.65718E-01
   0.12985E+04   0.59754E-01
   0.14087E+04   0.53947E-01
   0.15281E+04   0.49157E-01
   0.16577E+04   0.45702E-01
   0.17983E+04   0.43139E-01
   0.19508E+04   0.40548E-01
   0.21162E+04   0.37172E-01
   0.22956E+04   0.33000E-01
   0.24903E+04   0.28793E-01
   0.27015E+04   0.25439E-01
