   0.50056E+02   0.10578E+01
   0.54300E+02   0.11479E+01
   0.58905E+02   0.12395E+01
   0.63900E+02   0.13316E+01
   0.69319E+02   0.14228E+01
   0.75198E+02   0.15117E+01
   0.81574E+02   0.15965E+01
   0.88492E+02   0.16754E+01
   0.95996E+02   0.17469E+01
   0.10414E+03   0.18097E+01
   0.11297E+03   0.18629E+01
   0.12255E+03   0.19062E+01
   0.13294E+03   0.19400E+01
   0.14421E+03   0.19653E+01
   0.15644E+03   0.19836E+01
   0.16971E+03   0.19971E+01
   0.18410E+03   0.20077E+01
   0.19971E+03   0.20170E+01
   0.21665E+03   0.20253E+01
   0.23502E+03   0.20315E+01
   0.25495E+03   0.20336E+01
   0.27657E+03   0.20285E+01
   0.30002E+03   0.20124E+01
   0.32546E+03   0.19811E+01
   0.35306E+03   0.19321E+01
   0.38300E+03   0.18658E+01
   0.41548E+03   0.17868E+01
   0.45072E+03   0.17042E+01
   0.48894E+03   0.16274E+01
   0.53040E+03   0.15601E+01
   0.57538E+03   0.14985E+01
   0.62417E+03   0.14338E+01
   0.67710E+03   0.13593E+01
   0.73452E+03   0.12766E+01
   0.79681E+03   0.11951E+01
   0.86438E+03   0.11231E+01
   0.93768E+03   0.10626E+01
   0.10172E+04   0.10072E+01
   0.11035E+04   0.94670E+00
   0.11970E+04   0.87478E+00
   0.12985E+04   0.79502E+00
   0.14087E+04   0.71887E+00
   0.15281E+04   0.65668E+00
   0.16577E+04   0.61132E+00
   0.17983E+04   0.57618E+00
   0.19508E+04   0.53953E+00
   0.21162E+04   0.49271E+00
   0.22956E+04   0.43683E+00
   0.24903E+04   0.38211E+00
   0.27015E+04   0.33935E+00
