   0.50056E+02   0.13472E+02
   0.54300E+02   0.14523E+02
   0.58905E+02   0.15579E+02
   0.63900E+02   0.16626E+02
   0.69319E+02   0.17649E+02
   0.75198E+02   0.18631E+02
   0.81574E+02   0.19553E+02
   0.88492E+02   0.20397E+02
   0.95996E+02   0.21145E+02
   0.10414E+03   0.21788E+02
   0.11297E+03   0.22320E+02
   0.12255E+03   0.22743E+02
   0.13294E+03   0.23066E+02
   0.14421E+03   0.23301E+02
   0.15644E+03   0.23468E+02
   0.16971E+03   0.23587E+02
   0.18410E+03   0.23674E+02
   0.19971E+03   0.23738E+02
   0.21665E+03   0.23777E+02
   0.23502E+03   0.23774E+02
   0.25495E+03   0.23701E+02
   0.27657E+03   0.23522E+02
   0.30002E+03   0.23199E+02
   0.32546E+03   0.22699E+02
   0.35306E+03   0.22013E+02
   0.38300E+03   0.21171E+02
   0.41548E+03   0.20239E+02
   0.45072E+03   0.19311E+02
   0.48894E+03   0.18456E+02
   0.53040E+03   0.17678E+02
   0.57538E+03   0.16921E+02
   0.62417E+03   0.16107E+02
   0.67710E+03   0.15206E+02
   0.73452E+03   0.14265E+02
   0.79681E+03   0.13373E+02
   0.86438E+03   0.12586E+02
   0.93768E+03   0.11888E+02
   0.10172E+04   0.11200E+02
   0.11035E+04   0.10440E+02
   0.11970E+04   0.95872E+01
   0.12985E+04   0.87111E+01
   0.14087E+04   0.79214E+01
   0.15281E+04   0.72884E+01
   0.16577E+04   0.67994E+01
   0.17983E+04   0.63668E+01
   0.19508E+04   0.58878E+01
   0.21162E+04   0.53183E+01
   0.22956E+04   0.47073E+01
   0.24903E+04   0.41592E+01
   0.27015E+04   0.37534E+01
