   0.50056E+02   0.24452E+00
   0.54300E+02   0.26566E+00
   0.58905E+02   0.28723E+00
   0.63900E+02   0.30896E+00
   0.69319E+02   0.33053E+00
   0.75198E+02   0.35160E+00
   0.81574E+02   0.37176E+00
   0.88492E+02   0.39060E+00
   0.95996E+02   0.40772E+00
   0.10414E+03   0.42281E+00
   0.11297E+03   0.43565E+00
   0.12255E+03   0.44616E+00
   0.13294E+03   0.45438E+00
   0.14421E+03   0.46055E+00
   0.15644E+03   0.46504E+00
   0.16971E+03   0.46834E+00
   0.18410E+03   0.47097E+00
   0.19971E+03   0.47329E+00
   0.21665E+03   0.47541E+00
   0.23502E+03   0.47713E+00
   0.25495E+03   0.47796E+00
   0.27657E+03   0.47719E+00
   0.30002E+03   0.47392E+00
   0.32546E+03   0.46711E+00
   0.35306E+03   0.45608E+00
   0.38300E+03   0.44081E+00
   0.41548E+03   0.42232E+00
   0.45072E+03   0.40279E+00
   0.48894E+03   0.38453E+00
   0.53040E+03   0.36863E+00
   0.57538E+03   0.35428E+00
   0.62417E+03   0.33933E+00
   0.67710E+03   0.32200E+00
   0.73452E+03   0.30251E+00
   0.79681E+03   0.28310E+00
   0.86438E+03   0.26594E+00
   0.93768E+03   0.25164E+00
   0.10172E+04   0.23877E+00
   0.11035E+04   0.22480E+00
   0.11970E+04   0.20802E+00
   0.12985E+04   0.18911E+00
   0.14087E+04   0.17082E+00
   0.15281E+04   0.15579E+00
   0.16577E+04   0.14492E+00
   0.17983E+04   0.13672E+00
   0.19508E+04   0.12834E+00
   0.21162E+04   0.11749E+00
   0.22956E+04   0.10425E+00
   0.24903E+04   0.91040E-01
   0.27015E+04   0.80584E-01
