   0.50056E+02   0.45122E+01
   0.54300E+02   0.48839E+01
   0.58905E+02   0.52604E+01
   0.63900E+02   0.56369E+01
   0.69319E+02   0.60079E+01
   0.75198E+02   0.63672E+01
   0.81574E+02   0.67080E+01
   0.88492E+02   0.70232E+01
   0.95996E+02   0.73066E+01
   0.10414E+03   0.75532E+01
   0.11297E+03   0.77605E+01
   0.12255E+03   0.79278E+01
   0.13294E+03   0.80573E+01
   0.14421E+03   0.81533E+01
   0.15644E+03   0.82226E+01
   0.16971E+03   0.82730E+01
   0.18410E+03   0.83123E+01
   0.19971E+03   0.83452E+01
   0.21665E+03   0.83721E+01
   0.23502E+03   0.83882E+01
   0.25495E+03   0.83840E+01
   0.27657E+03   0.83471E+01
   0.30002E+03   0.82621E+01
   0.32546E+03   0.81142E+01
   0.35306E+03   0.78957E+01
   0.38300E+03   0.76117E+01
   0.41548E+03   0.72839E+01
   0.45072E+03   0.69483E+01
   0.48894E+03   0.66379E+01
   0.53040E+03   0.63623E+01
   0.57538E+03   0.61033E+01
   0.62417E+03   0.58280E+01
   0.67710E+03   0.55154E+01
   0.73452E+03   0.51771E+01
   0.79681E+03   0.48492E+01
   0.86438E+03   0.45607E+01
   0.93768E+03   0.43131E+01
   0.10172E+04   0.40791E+01
   0.11035E+04   0.38212E+01
   0.11970E+04   0.35215E+01
   0.12985E+04   0.31993E+01
   0.14087E+04   0.28991E+01
   0.15281E+04   0.26564E+01
   0.16577E+04   0.24760E+01
   0.17983E+04   0.23284E+01
   0.19508E+04   0.21695E+01
   0.21162E+04   0.19720E+01
   0.22956E+04   0.17463E+01
   0.24903E+04   0.15331E+01
   0.27015E+04   0.13705E+01
