ell Cl857x857 Cl545x545 Cl353x353 Cl217x217 Cl3000x3000 Cl857x545 Cl857x353 Cl857x217 Cl545x353 Cl545x217 Cl353x217 Cl3000x857 Cl3000x545 Cl3000x353 Cl3000x217 Cl100x100 Cl100x857 Cl100x545 Cl100x353 Cl100x217 Cl143x143 Cl143x857 Cl143x545 Cl143x353 Cl143x217 Cl100x143
50.056 470610 107090 12895 747.53 225160 219900 74008 17346 36909 8784.4 3096.1 249570 102270 32011 7166.2 4.0445 1244.9 637.98 226.38 54.894 41.109 4005.2 2043.9 723.52 175.18 12.892
55.777 466590 107640 13047 759.21 207550 219570 74170 17423 37225 8877.6 3138.6 239460 99064 31170 7001.3 4.1187 1252.5 645.71 229.81 55.828 41.825 4027.3 2067.6 734.14 178.07 13.122
62.152 458280 107180 13079 764.03 190300 217180 73635 17336 37193 8888.5 3152.5 228030 95199 30106 6784.1 4.1564 1248.4 647.51 231.17 56.262 42.167 4011.6 2072.2 738.08 179.37 13.236
69.255 445570 105630 12978 761.13 173550 212630 72355 17073 36782 8808.7 3134.3 215390 90708 28825 6515.5 4.1525 1231.5 642.7 230.18 56.129 42.085 3955 2055.7 734.55 178.86 13.217
77.171 428550 102950 12734 749.85 157490 205880 70310 16628 35970 8632.6 3081.7 201770 85661 27345 6198.9 4.103 1201.4 630.84 226.66 55.379 41.541 3856 2016.6 722.93 176.37 13.053
85.991 407560 99144 12345 729.89 142260 197040 67523 16002 34758 8358.9 2993.7 187440 80160 25696 5840.4 4.0055 1158.1 611.79 220.52 53.985 40.513 3714.9 1954.7 702.98 171.84 12.736
95.819 383210 94309 11818 701.42 127920 186350 64061 15212 33168 7992.4 2871.4 172700 74336 23917 5448.9 3.8604 1102.6 585.83 211.82 51.955 39.006 3534.9 1870.8 674.89 165.3 12.269
106.77 356400 88608 11167 665.21 114530 174180 60047 14285 31252 7544.4 2718.3 157920 68349 22059 5036 3.6711 1036.7 553.75 200.8 49.34 37.057 3322.2 1767.5 639.47 156.9 11.661
118.97 328220 82286 10421 622.73 102150 161060 55653 13259 29093 7033.9 2540.7 143470 62373 20183 4615.2 3.4449 963.39 516.89 187.9 46.244 34.745 3086 1649.1 598.15 147 10.938
132.57 299860 75645 9616.4 576.09 90860 147590 51086 12185 26795 6486 2347.4 129680 56580 18345 4200.4 3.1931 886.08 477.06 173.77 42.822 32.183 2837.5 1521.6 552.98 136.07 10.135
147.72 272410 69001 8794.1 527.74 80650 134340 46554 11112 24471 5928.4 2148.5 116790 51107 16596 3803.8 2.9291 808.52 436.32 159.15 39.254 29.508 2588.6 1391.3 506.34 124.71 9.2951
164.61 246710 62635 7993.2 480.12 71461 121810 42237 10085 22228 5387.1 1953.7 104940 46042 14971 3434.1 2.6669 734.04 396.61 144.77 35.726 26.858 2349.9 1264.5 460.54 113.48 8.4616
183.42 223260 56763 7246.5 435.35 63192 110330 38270 9139.6 20148 4883.6 1771.4 94113 41414 13486 3095.8 2.4185 665.26 359.56 131.27 32.396 24.356 2129.6 1146.4 417.56 102.9 7.6735
204.39 202090 51499 6575.7 394.99 55738 100020 34710 8291.4 18283 4431.6 1607.3 84201 37191 12133 2788.2 2.1938 603.59 326.27 119.1 29.39 22.095 1932.1 1040.2 378.87 93.354 6.9608
227.75 182660 46795 5983.5 359.54 49008 90680 31511 7532.5 16627 4031.8 1462.9 74995 33281 10885 2505.2 1.997 548.59 296.9 108.41 26.753 20.113 1755.8 946.53 344.85 84.979 6.3363
253.78 164080 42431 5446.6 327.89 42939 81862 28518 6826.9 15107 3667.6 1332.9 66298 29576 9702.1 2237.3 1.8231 497.71 270.3 98.845 24.411 18.355 1592.3 861.48 314.35 77.525 5.7837
282.78 145620 38116 4923.8 297.5 37505 73092 25548 6128.6 13615 3311.8 1207.2 58036 26011 8557.7 1977.3 1.6583 447.47 244.42 89.644 22.177 16.681 1430.8 778.61 284.95 70.398 5.2586
315.1 127200 33686 4383.1 266.06 32705 64201 22514 5412.5 12076 2944.1 1077.1 50302 22608 7453.6 1724.8 1.4882 395.83 217.65 80.121 19.867 14.952 1264.9 692.91 254.52 63.027 4.7162
351.12 109480 29217 3824 233.1 28535 55440 19486 4692 10503 2565.5 941.69 43292 19461 6420.3 1486.6 1.3081 343.54 189.94 70.155 17.434 13.127 1097.3 604.37 222.74 55.276 4.1432
391.25 93396 24958 3275.4 200.13 24965 47302 16635 4007.4 8982.5 2196.1 807.5 37180 16677 5497 1272.3 1.1255 293.52 162.7 60.21 14.983 11.285 937.4 517.56 191.1 47.488 3.5633
435.97 79698 21200 2778 169.68 21927 40264 14143 3404.7 7623.2 1863 684.71 32014 14314 4710.1 1089 0.95425 249.22 137.98 51.046 12.703 9.5678 796.06 438.94 162.02 40.259 3.021
485.8 68525 18125 2365.5 144.11 19328 34534 12110 2912 6504.7 1587.6 582.27 27678 12347 4057.6 937.34 0.80881 212.93 117.45 43.362 10.777 8.1149 680.34 373.77 137.68 34.167 2.5614
541.32 59259 15679 2042.5 124.18 17075 29885 10479 2519.3 5622.9 1371.5 502.29 23940 10674 3507.5 810.24 0.69556 184.13 101.39 37.372 9.277 6.9835 588.37 322.71 118.69 29.421 2.2035
603.19 50965 13594 1777.4 108.24 15109 25806 9068.9 2183.3 4884.8 1192.8 437.5 20603 9182.3 3018.8 697.7 0.60672 159.69 88.23 32.566 8.0891 6.09 510.11 280.76 103.41 25.65 1.9219
672.13 43146 11614 1529.1 93.556 13407 21930 7727.9 1864 4187.3 1024.7 377.26 17613 7824.8 2570.6 594.08 0.52622 136.5 75.916 28.128 7.0034 5.2754 435.79 241.43 89.258 22.193 1.6658
748.95 36022 9705.7 1283.3 78.817 11955 18298 6452 1557.4 3505.6 859.13 317.18 15034 6630.7 2171.5 501 0.44476 114.08 63.708 23.679 5.9087 4.4531 364.09 202.51 75.098 18.713 1.4071
834.55 30058 8022.1 1058 64.957 10729 15186 5341.8 1287.7 2893.1 708.54 261.42 12913 5640.5 1838 422.78 0.36659 94.189 52.501 19.508 4.8688 3.6697 300.7 166.9 61.873 15.419 1.1596
929.94 25372 6683.4 875.41 53.53 9683.8 12735 4463.5 1073.6 2401.9 586.97 215.86 11201 4847.7 1571.7 360.38 0.30116 78.337 43.403 16.078 4.0052 3.0176 250.23 138.05 51.018 12.69 0.95311
1036.2 21663 5657.8 737.15 44.909 8778.2 10828 3786.2 909.27 2028.1 494.79 181.44 9786.6 4203 1357.2 310.42 0.25182 66.212 36.516 13.489 3.3539 2.5258 211.58 116.2 42.822 10.632 0.79737
1154.7 18547 4825.4 627.93 38.225 7983.4 9248.7 3231.1 775.6 1728.6 421.57 154.5 8582.2 3657.6 1176.6 268.52 0.21409 56.401 31.082 11.476 2.8523 2.1479 180.24 98.917 36.435 9.0428 0.67799
1286.6 15843 4099.5 533.32 32.485 7284.5 7872.2 2746.8 659.01 1468 358.02 131.25 7552.1 3189.3 1021.2 232.42 0.18198 47.845 26.376 9.7444 2.4233 1.8251 152.91 83.932 30.935 7.6816 0.57619
1433.7 13555 3467.5 449.59 27.358 6669.9 6691.6 2328.1 557.67 1239.3 301.95 110.58 6688.1 2795.3 889.98 201.85 0.15311 40.375 22.205 8.199 2.0388 1.5355 129.07 70.672 26.03 6.4628 0.48476
1597.5 11704 2946.4 379.37 23.004 6126.9 5729.3 1984.8 474.24 1049.2 255.09 93.134 5975.8 2472.3 782.54 176.81 0.12833 34.197 18.703 6.8882 1.7105 1.2878 109.39 59.553 21.878 5.424 0.40645
1780.1 10235 2535.3 323.82 19.544 5642.5 4969 1713.9 408.42 899.09 218.05 79.308 5386.6 2209 695.53 156.61 0.10854 29.316 15.928 5.8464 1.4488 1.0903 93.831 50.747 18.579 4.5967 0.34393
1983.6 9048.3 2210.4 280.39 16.854 5205.9 4361.6 1498.8 356.33 781.12 189.04 68.53 4891 1990.7 623.96 140.08 0.093188 25.455 13.756 5.0348 1.2455 0.937 81.514 43.848 16.008 3.9536 0.29543
2210.3 8065 1944.5 245.21 14.693 4810.2 3861 1322.1 313.67 685.05 165.49 59.834 4468.5 1806.6 563.92 126.26 0.080915 22.29 11.994 4.3808 1.0824 0.81409 71.41 38.246 13.933 3.437 0.2566
2462.9 7248.6 1722.7 215.81 12.888 4450.2 3444.4 1174.9 278.09 604.81 145.81 52.567 4108 1650.9 513.35 114.64 0.070649 19.639 10.517 3.8329 0.94591 0.71122 62.948 33.55 12.195 3.0044 0.22411
2744.4 6583.5 1540.8 191.53 11.387 4121.5 3104.5 1054.5 248.95 538.81 129.59 46.547 3801 1520.2 471.16 104.97 0.062056 17.452 9.2914 3.3764 0.83185 0.62524 55.969 29.655 10.747 2.6433 0.19693
3058.1 6049.7 1396 172.13 10.185 3819.7 2833.4 958.59 225.73 486.19 116.64 41.731 3538.4 1410.5 436.09 96.988 0.05511 15.694 8.3059 3.0086 0.7398 0.55581 50.361 26.524 9.5816 2.352 0.17497
3407.6 5619.3 1281.9 156.96 9.2459 3541 2617.6 882.73 207.43 444.9 106.5 37.968 3310.3 1317.3 406.67 90.337 0.049651 14.294 7.5273 2.719 0.6674 0.50122 45.888 24.049 8.6633 2.1228 0.15772
3797.1 5264.9 1190.7 144.99 8.5107 3282.4 2442.7 821.7 192.77 412.12 98.478 35.011 3108.8 1236.7 381.49 84.689 0.045352 13.158 6.9048 2.4891 0.6102 0.45813 42.252 22.067 7.9335 1.9415 0.14411
4231.1 4967.6 1116 135.29 7.9188 3041.6 2297.8 771.45 180.75 385.41 91.966 32.621 2928.5 1165.7 359.57 79.804 0.041856 12.207 6.3909 2.3007 0.56353 0.42301 39.207 20.43 7.3347 1.7934 0.13303
4714.7 4717 1054.2 127.32 7.4339 2816.7 2177.1 729.81 170.81 363.42 86.614 30.662 2765.8 1102.8 340.31 75.54 0.03894 11.4 5.9586 2.1429 0.52453 0.39368 36.62 19.051 6.8328 1.6696 0.12378
5253.6 4505.2 1003.6 120.84 7.0406 2606.2 2076.8 695.49 162.65 345.48 82.258 29.072 2617.4 1046.4 323.25 71.791 0.036511 10.714 5.5951 2.0109 0.49199 0.36921 34.417 17.89 6.4125 1.5662 0.11608
5854 4323.8 962.19 115.63 6.7264 2408.8 1993 667.14 155.96 330.93 78.743 27.797 2480.6 995.21 307.94 68.452 0.034498 10.124 5.2887 1.9005 0.46493 0.34889 32.521 16.911 6.0608 1.4801 0.10968
6523.1 4164.9 927.77 111.41 6.4752 2223.4 1921.5 643.3 150.39 319 75.883 26.771 2352.7 948.02 293.96 65.425 0.032812 9.6056 5.0253 1.8069 0.44214 0.33181 30.85 16.067 5.7617 1.4075 0.10432
7268.6 4021.7 898.32 107.9 6.27 2049.2 1858.7 622.66 145.6 308.95 73.495 25.926 2231.9 903.84 280.97 62.626 0.031353 9.133 4.7907 1.7246 0.42228 0.31695 29.324 15.313 5.4983 1.344 0.099664
8099.4 3889.7 872.38 104.89 6.097 1885.4 1802 604.27 141.38 300.21 71.437 25.208 2116.8 862 268.72 59.999 0.030037 8.6886 4.5739 1.6494 0.40426 0.30349 27.887 14.616 5.2569 1.2864 0.095456
9025.1 3765.8 849.07 102.26 5.9481 1731.5 1749.8 587.57 137.57 292.47 69.629 24.585 2006.5 822.03 257.06 57.506 0.028812 8.2619 4.3683 1.5786 0.38742 0.29093 26.506 13.953 5.0298 1.2324 0.091534
10057 3647.4 827.72 99.926 5.8183 1587 1700.9 572.09 134.07 285.48 68.012 24.037 1900.1 783.51 245.86 55.114 0.027647 7.8453 4.1697 1.5108 0.37134 0.27895 25.157 13.313 4.8115 1.1807 0.0878
